Point   1: ( 142,   11), Feat: (4665.426416 64632966669791.109000 -706278867.684743 33202125985209.488000 15237408913.412746 -2217882465338024.300000 1853857461414606.000000 84745425300275687000000000.000000 )
Point   2: ( 219,   13), Feat: (-16912.033433 15404081926730.518000 -85305141.844459 1078455504782.113300 208058751998.011350 -23197057265134060.000000 85437792674777920.000000 53364995326445628000000000000.000000 )
Point   3: (  29,   16), Feat: (-3658.538915 170694393566491.030000 1218722777.401442 1717650657349.939900 644285481.431148 230346786892284.690000 5943218133742.168000 11500412811915970000000.000000 )
Point   4: (  80,   16), Feat: (-22406.485749 21617102257616.051000 -705637665.482688 37464199362508.820000 6783566017.170280 833334053980924.870000 342262066274349.810000 6978943963607036900000000.000000 )
Point   5: ( 115,   16), Feat: (-55162.559598 48622449034061.133000 9916722.959333 75376900960074.937000 46969990717.645760 19087741494747080.000000 6323992952135492.000000 891654182836421000000000000.000000 )
Point   6: ( 205,   16), Feat: (30486.754628 27144721527328.578000 -26500570.150764 -59630452774804.414000 316373658074.159180 224613376497614590.000000 140663170338496610.000000 133530215865225500000000000000.000000 )
Point   7: ( 121,   17), Feat: (-3192.190129 741313706844.790650 -72186409.860731 538976914166.176090 49160843299.820801 19303913358169648.000000 7165850300337143.000000 1057258132196654400000000000.000000 )
Point   8: ( 282,   17), Feat: (23653.299450 104645259364291.390000 136808963.458678 80775263865290.687000 783594939933.562010 -88878542165369344.000000 642925169632716030.000000 1511720278270188400000000000000.000000 )
Point   9: (  72,   20), Feat: (-1391.716486 5387066484867.721700 -171810923.710683 6528391336312.546900 13017327087.491093 -899713936143912.370000 701226107350900.870000 27384967309896428000000000.000000 )
Point  10: (  97,   21), Feat: (24950.735510 45422876523433.789000 -1267560962.938778 423937017869565.250000 29354391667.073429 -10432638473700938.000000 2848597737586675.500000 250855817369732730000000000.000000 )
Point  11: ( 151,   21), Feat: (292.945219 47726179848841.656000 -536301231.886884 30124677284682.398000 148359835645.143830 48428247405206128.000000 37426831829157816.000000 16659161382568356000000000000.000000 )
Point  12: ( 143,   24), Feat: (-18264.909351 97032855958377.562000 -123266277.265858 19910143844002.020000 126318479260.861100 -36532151489447224.000000 28565733733815816.000000 10826061984425703000000000000.000000 )
Point  13: ( 211,   24), Feat: (-4021.061539 5195513872734.750000 218474033.737647 -41093644184849.555000 331076897551.561220 -102176403915555220.000000 151146504545300640.000000 150130031590490730000000000000.000000 )
Point  14: (  73,   26), Feat: (32844.097399 123777565857699.520000 -382749854.391448 -146563775250894.370000 37777489962.139168 -41278108765249072.000000 2838403280942598.500000 321680977916873810000000000.000000 )
Point  15: (  44,   27), Feat: (29856.998504 115481322082434.300000 -606264602.263572 -125247504392872.640000 11403689383.300180 3325026221027240.500000 361264486404598.620000 12360247464187015000000000.000000 )
Point  16: ( 218,   27), Feat: (-67698.053356 22958772531823.410000 -868846974.916922 74463897908547.703000 657191761544.302120 -568322292481404350.000000 393322779744168450.000000 775564298030593940000000000000.000000 )
Point  17: ( 137,   29), Feat: (-14680.654761 95299615862162.500000 1020760919.308173 -93430184703895.391000 293722428179.372680 194581684146389020.000000 86951638256832368.000000 76619691629120382000000000000.000000 )
Point  18: ( 304,   33), Feat: (43979.522942 60758714220431.828000 -2713912.332392 158169944985549.090000 3964785296187.408700 -22578777688854868000.000000 5848556081606727700.000000 69564761965090308000000000000000.000000 )
Point  19: ( 140,   34), Feat: (12552.917931 83052567394475.391000 -31140278.658169 62596548854351.992000 562349714703.629880 430999509701601920.000000 206859521577996160.000000 348984036303778430000000000000.000000 )
Point  20: (  78,   35), Feat: (122.081949 104186926458317.860000 -150596881.784455 -87410682560.578720 76995524806.797592 22134278499432088.000000 8090759528570379.000000 1868868991826767800000000000.000000 )
Point  21: ( 123,   35), Feat: (25200.155330 250664548982879.000000 -74539859.191827 -161752598527633.090000 330003022097.734310 -1421664056830613500.000000 87025478682030672.000000 86154745180646875000000000000.000000 )
Point  22: (  16,   36), Feat: (13027.292105 36546177307016.227000 -1557770883.620901 477698679603833.440000 856905373.593774 1022590197619445.500000 4014931518968.242700 10460318371390031000000.000000 )
Point  23: (  33,   36), Feat: (-45647.671963 2946133314845.311000 154440119.655520 -159337001985435.090000 7409814070.213964 -5727821053863370.000000 148767681789750.250000 3305437098410158300000000.000000 )
Point  24: ( 296,   36), Feat: (-1716.596530 145316891714470.310000 -625887011.054380 2323248656192.812000 4525617157433.573200 11370009929163057000.000000 6976417930967994400.000000 94717835904488813000000000000000.000000 )
Point  25: (  85,   37), Feat: (-2900.173623 167673949229344.560000 -683600133.863626 3837914002493.317400 126531331082.985580 2418789003432124.500000 16936032703279862.000000 6428818624646339300000000000.000000 )
Point  26: ( 146,   38), Feat: (-20111.529766 203760401259040.120000 -563973400.429281 -7602882053425.487300 713745341412.500610 2814739007954503700.000000 296406235548020290.000000 634680085028107490000000000000.000000 )
Point  27: ( 195,   38), Feat: (3456.531388 4280896003271.808100 628257754.025633 -255900932205229.660000 1703431060380.884800 -1237838441047580900.000000 1248563797421093400.000000 6380525619541120600000000000000.000000 )
Point  28: ( 252,   39), Feat: (-46331.598956 131397011063269.000000 599101009.275374 -212768165741882.500000 4470211341592.744100 -30099007260670362000.000000 5755626642811400200.000000 77186691757020322000000000000000.000000 )
Point  29: ( 111,   42), Feat: (-7138.685309 9082633584393.839800 186089361.459596 -3825196134599.706500 465163232002.716670 1687587716471471100.000000 129333595630305020.000000 180485888500129080000000000000.000000 )
Point  30: ( 122,   42), Feat: (15832.851531 39950870368913.000000 1100467419.873553 -193257165198381.690000 505622722855.372500 -2251691053111479600.000000 154653777725557180.000000 234586601658907440000000000000.000000 )
Point  31: ( 235,   43), Feat: (-1061.415507 21765784940326.211000 272263245.451796 5283846388903.916000 4825756944308.605500 10455343664050743000.000000 6102848459110616100.000000 88352694144314103000000000000000.000000 )
Point  32: ( 131,   44), Feat: (-14296.338615 4297293959460.955600 -263958924.533220 9424127068772.044900 669591462057.138180 -10931996374510742000.000000 236013072980170020.000000 474081471267216230000000000000.000000 )
Point  33: ( 244,   44), Feat: (5102.209665 189901225771768.030000 -1586224381.675932 142695942209613.310000 5042767380073.461900 3670298313531332100.000000 6622109775952564200.000000 100181288074203450000000000000000.000000 )
Point  34: ( 186,   45), Feat: (23493.349364 88214405224823.109000 -201184159.644921 70666115096431.234000 2771050029794.431600 8484774167324979200.000000 2278708207035466200.000000 18943271058721892000000000000000.000000 )
Point  35: ( 100,   47), Feat: (36761.477102 33472242713132.375000 888915272.282604 -286634880068621.870000 430129181929.442990 -2329643979711450100.000000 100625072987650220.000000 129842130767001120000000000000.000000 )
Point  36: ( 218,   47), Feat: (5367.937412 53423724099627.250000 -191487809.747852 149298103435548.310000 4173692240163.576700 -32684010451898831000.000000 4567700368469085700.000000 57192433281992471000000000000000.000000 )
Point  37: ( 301,   48), Feat: (39967.467092 132724460818093.910000 -1149137092.173074 287027393467371.690000 11734131440115.631000 -60230944317021651000.000000 25079791646388204000.000000 882868865473286700000000000000000.000000 )
Point  38: (  19,   49), Feat: (-4478.443085 140567029274368.800000 563557206.521235 5548634546345.585000 4385819186.384748 29270688503211804.000000 45729555488569.836000 610828433586800370000000.000000 )
Point  39: (  25,   49), Feat: (-854.438071 125712951447480.670000 -425118321.454678 881333403746.539550 6451537464.697198 -7402020013987988.000000 92032423655751.906000 1778738834411520900000000.000000 )
Point  40: (  61,   49), Feat: (-16940.087296 1894519905509.884000 59449816.703087 -4343948009783.001500 118601350876.778960 -1016862735195709600.000000 10739666289576360.000000 3820221424827487200000000000.000000 )
Point  41: ( 180,   50), Feat: (-14684.255175 23019030326421.676000 1132414252.738925 -220816245211220.370000 2925141501257.127400 4259753634252441100.000000 2350337062483848700.000000 20625217117156364000000000000000.000000 )
Point  42: ( 205,   50), Feat: (-28671.980123 13092718014422.334000 649453380.025127 -30088150461485.129000 3867157130006.006300 -27130390676626846000.000000 3893463742573239800.000000 45169874699331030000000000000000.000000 )
Point  43: (  88,   51), Feat: (-68969.304593 76750988738376.047000 2455106156.568974 -405783045553688.810000 381425200313.711180 1698798403733772500.000000 75834307206061360.000000 86777796310293681000000000000.000000 )
Point  44: ( 119,   52), Feat: (3530.209481 22536882462132.617000 55881589.048859 -11244325061106.623000 712890429696.200930 -1443923830309833000.000000 237027526853409500.000000 506922264356393840000000000000.000000 )
Point  45: (  51,   53), Feat: (18517.778756 133696050399536.950000 -876481023.310974 -111121736589765.530000 94953978297.510300 2634549731347039200.000000 7454240479724475.000000 2125818172551520800000000000.000000 )
Point  46: (  13,   54), Feat: (17725.066449 141598060750709.120000 -986019771.720093 122277710095287.840000 2131668374.017510 18172337265243492.000000 11786828559290.598000 80409444645283184000000.000000 )
Point  47: ( 101,   54), Feat: (42681.519986 132271793486622.060000 -38929605.078029 -206699749061842.910000 504840182543.808900 -4636729164986095600.000000 124647387711121870.000000 188774007615434060000000000000.000000 )
Point  48: ( 281,   55), Feat: (-8751.588511 39389774028425.586000 518273824.302053 -9934428388838.455100 14257669321886.434000 -35623503323071730000.000000 30517494858445083000.000000 1305324913085530700000000000000000.000000 )
Point  49: (  59,   56), Feat: (25147.169805 72746341424.359467 22869234.844118 -5773605863523.687500 128500438277.814000 416441377481273600.000000 11649880839821582.000000 4491487045749743600000000000.000000 )
Point  50: ( 191,   56), Feat: (-33442.077236 3626350402028.728000 54965099.056717 44308059635581.078000 4171023798063.977100 -22843395404878057000.000000 4014916505404932100.000000 50238887954304892000000000000000.000000 )
Point  51: ( 326,   56), Feat: (-1031.012156 -319096340681.836550 100097392.577078 4478244357799.508800 30793494010185.957000 413783571576873620000.000000 99901689161726444000.000000 9228969547822390000000000000000000.000000 )
Point  52: (  81,   57), Feat: (-45939.983847 131098023826555.230000 -2400522881.848258 211292183944155.690000 405538916957.817570 6819613191900229600.000000 77322886105810080.000000 94083196377477380000000000000.000000 )
Point  53: ( 202,   58), Feat: (-57142.392441 4159416275697.902300 459976773.275001 -90759305366041.828000 6751093394347.418000 -34828757707980292000.000000 8124789639677467600.000000 164553512550189610000000000000000.000000 )
Point  54: ( 244,   58), Feat: (5740.287299 6385788527981.423800 37035605.657595 -6839258433460.945300 12187297995144.979000 -174419935794876510000.000000 21148276287591236000.000000 773220386902770100000000000000000.000000 )
Point  55: (  11,   59), Feat: (2347.948113 108598542981943.520000 -1560769424.584552 159490188721678.840000 1492865109.309815 -6259076007838979.000000 6254934463116.049800 26267360646644195000000.000000 )
Point  56: ( 102,   59), Feat: (10656.916199 11819284013031.994000 149496795.519907 -10742307864903.338000 614385798403.354130 -5665823487278053400.000000 162371587868332450.000000 299266687573236650000000000000.000000 )
Point  57: ( 109,   59), Feat: (-22888.212660 2334776254228.882300 250457002.100415 -8180674408850.043900 1073134204470.369800 22035694472284705000.000000 386025390781790530.000000 1242820475197138700000000000000.000000 )
Point  58: ( 219,   59), Feat: (-2233.399797 10565831935809.516000 -139631470.233502 -21014766914312.098000 9950613792528.027300 170434114641462300000.000000 14851110985981465000.000000 443333992956700970000000000000000.000000 )
Point  59: ( 116,   60), Feat: (-12222.135167 23827032997020.387000 -550894713.680101 14212690150404.975000 1521522188379.185500 1953815298747161300.000000 651030759697255940.000000 2971678661193892700000000000000.000000 )
Point  60: ( 276,   62), Feat: (13241.503597 160036473846658.160000 -538737338.177580 49031113930479.211000 18717254945909.852000 -162728533182958110000.000000 42951680101337620000.000000 2411811827873861300000000000000000.000000 )
Point  61: (  93,   63), Feat: (-29954.454262 42804334111244.297000 -1134764528.756710 70721822454057.781000 737656754355.266110 -18501210207702270000.000000 187947471494421250.000000 415881990689527870000000000000.000000 )
Point  62: ( 136,   63), Feat: (6439.831434 65263885191492.273000 1417273501.152888 -217721230129629.870000 2376675591315.310500 12761284294434750000.000000 1346919048343943900.000000 9603609069431207300000000000000.000000 )
Point  63: ( 326,   63), Feat: (27556.886500 116829907327475.550000 369693217.621289 112206978154723.160000 37822562219806.406000 885116891848456930000.000000 130951857619686030000.000000 14858811715945452000000000000000000.000000 )
Point  64: ( 238,   65), Feat: (28888.520229 11640201812998.129000 -53972684.522643 -148663230153119.370000 14553387478265.898000 -226429513549773410000.000000 26218459726693065000.000000 1144700864032834200000000000000000.000000 )
Point  65: ( 194,   66), Feat: (-2595.259560 156318260454536.780000 -697926204.550628 7301974999952.711900 8374965906253.946300 -24703432785462989000.000000 10345803468180292000.000000 259937129092887630000000000000000.000000 )
Point  66: ( 201,   66), Feat: (-9571.908678 31845531295293.863000 -667185422.963477 22005622123850.926000 9017739331816.070300 -89990668402674090000.000000 11792376863955020000.000000 319021282511992870000000000000000.000000 )
Point  67: ( 221,   66), Feat: (-6351.079635 5588005221642.227500 259222269.358466 -8401629276668.292000 12642082452336.926000 521553759566971730000.000000 20549920956841763000.000000 779384430868871920000000000000000.000000 )
Point  68: ( 133,   69), Feat: (13311.577995 129879309611612.090000 -231987909.729080 -61494003433934.734000 2681050537671.477100 -121122904176694430000.000000 1518217516893658100.000000 12210823616541217000000000000000.000000 )
Point  69: ( 215,   69), Feat: (-4083.333342 4736371094568.805700 68390534.633892 -1239937513800.903600 12673317179001.432000 92847317000778744000.000000 19938568362236740000.000000 758063978032207830000000000000000.000000 )
Point  70: ( 230,   69), Feat: (3312.413953 447794296448.195860 -8636003.177067 613191880964.822630 15232341567926.135000 -85099091663556592000.000000 27134439498187674000.000000 1239962640459242600000000000000000.000000 )
Point  71: ( 323,   71), Feat: (5103.895366 77300752624433.078000 539160013.974828 72630154189711.594000 47476847831645.820000 1668544463155555200000.000000 176248484854586380000.000000 25103183529028950000000000000000000.000000 )
Point  72: ( 179,   72), Feat: (-20823.282309 67588812847792.508000 1280756088.171184 -71800420633119.828000 8755117727886.948200 -138528256040740130000.000000 10145282779622627000.000000 266468653751956940000000000000000.000000 )
Point  73: ( 241,   72), Feat: (-20152.331509 44886166953480.656000 -717138593.734862 191553048541077.940000 19946664699457.023000 -237567709048796020000.000000 40663678660307763000.000000 2433312628629722600000000000000000.000000 )
Point  74: ( 124,   74), Feat: (-4858.418455 138664480750856.860000 -475967712.009599 -8679269013891.478500 2970306253803.302200 -57498974175966380000.000000 1637495940974309400.000000 14591360949226966000000000000000.000000 )
Point  75: ( 102,   76), Feat: (27469.926392 18401660817596.641000 -945329963.785665 308127626341867.500000 1997762028549.112100 -111308586567453620000.000000 794377266483999870.000000 4760510832453638700000000000000.000000 )
Point  76: ( 158,   76), Feat: (-46971.654108 1138206942527.669200 241765698.150481 -132494723821528.810000 6608210750872.506800 99506276685995688000.000000 6112873494111553500.000000 121186002161416500000000000000000.000000 )
Point  77: ( 232,   77), Feat: (-42665.219973 14410523543908.205000 429406109.300167 -48633297423444.039000 19471877456939.141000 -521137589200009100000.000000 38031975859310952000.000000 2221658240528570700000000000000000.000000 )
Point  78: ( 165,   79), Feat: (5331.429153 25127268021245.379000 -28912206.448871 65288253634575.945000 8853533216338.189500 -190379336440673630000.000000 9489177228566933500.000000 252037058124274770000000000000000.000000 )
Point  79: (  84,   81), Feat: (-88530.448995 5821300723373.519500 -701516518.503495 121891867915738.690000 1217668302659.371800 -16389962945948768000.000000 340475245350561980.000000 1243704209919955900000000000000.000000 )
Point  80: ( 321,   81), Feat: (-8219.026628 169928909831911.910000 513601559.640099 -147341506879215.720000 63734419835794.031000 196980935838118940000.000000 257429161180966780000.000000 49221300514995233000000000000000000.000000 )
Point  81: ( 217,   82), Feat: (-16520.550399 34010765601012.453000 574231414.341256 -23800516050048.750000 22501902178238.918000 -1181204371732969600000.000000 42825646653410927000.000000 2890965065659439400000000000000000.000000 )
Point  82: ( 239,   84), Feat: (82.487124 105128841934778.340000 300164651.721504 -16444954510492.301000 30216510608740.641000 -78007620481450213000.000000 70714539765389951000.000000 6410239265293600100000000000000000.000000 )
Point  83: ( 210,   88), Feat: (2015.565845 43006852935116.984000 -122246578.678162 -1886128482790.300300 24805492618572.090000 1246538312336954900000.000000 47656833434316521000.000000 3546465795450613900000000000000000.000000 )
Point  84: ( 300,   88), Feat: (13384.440687 40862228254519.281000 398773046.392833 27559120903467.422000 73420370309345.594000 -9803739027954454200000.000000 284726637410473930000.000000 62714066666669335000000000000000000.000000 )
Point  85: (  80,   89), Feat: (-1298.407285 167512636468276.780000 891265954.001305 7325036457122.364300 1294125642689.292500 -11507422929328411000.000000 351452043103799550.000000 1364428187106745200000000000000.000000 )
Point  86: ( 115,   89), Feat: (-1229.145150 55042541088363.859000 333148675.207849 -9757741148478.324200 4196671901911.701700 -2972748368572705800.000000 2483816606763454500.000000 31271274320997043000000000000000.000000 )
Point  87: (  14,   93), Feat: (11603.788263 31918728099436.039000 1489759037.435490 -476920468433636.310000 6964093919.928639 -221337450034298080.000000 59281868014341.930000 1090683249535975200000000.000000 )
Point  88: (  28,   93), Feat: (-28073.430022 27112152558125.969000 214614911.211672 -289197797977.729370 32080168129.821587 -2847275162146857500.000000 725050215125774.750000 66654100706298071000000000.000000 )
Point  89: ( 293,   93), Feat: (36998.658064 314868993772.013730 -25459805.725234 28014558431409.906000 76224374329995.750000 -1608118221861180400000.000000 295516535883842720000.000000 67576665499081420000000000000000000.000000 )
Point  90: ( 219,   94), Feat: (-26201.667754 15184066958822.133000 -126505421.909103 137766657670811.660000 35238306830139.719000 -7801795851632348500000.000000 78240653108406764000.000000 8271111575187300400000000000000000.000000 )
Point  91: ( 194,   95), Feat: (-35300.446374 2266233634193.968700 165518033.963271 40898910732447.984000 25630595689446.137000 1378215166170021500000.000000 46146910773999174000.000000 3548333158662061700000000000000000.000000 )
Point  92: ( 158,   96), Feat: (-15982.130504 88472204124344.312000 1160895113.073011 -35228018032516.555000 13866182068826.840000 597901701540569810000.000000 16682459891428434000.000000 693971248912008850000000000000000.000000 )
Point  93: ( 236,   96), Feat: (15407.978705 6952186321221.648400 443555925.547977 -74090143829746.625000 46945900870630.664000 -911360782527331830000.000000 125636022185992470000.000000 17694276742934096000000000000000000.000000 )
Point  94: ( 265,   96), Feat: (-3064.799735 5062498169579.503900 332682225.071572 -44517246168376.203000 62149201004279.289000 2983280901315481800000.000000 205577337863402620000.000000 38329443928362638000000000000000000.000000 )
Point  95: ( 205,   98), Feat: (17713.815932 20240006191306.027000 -116942609.214867 -28008484333481.426000 36362762214748.898000 5658183732527243500000.000000 78833409117244391000.000000 8599872768714659400000000000000000.000000 )
Point  96: ( 244,   98), Feat: (2003.312776 78806805792572.219000 -505414875.416143 -4606083174354.793900 53177635842011.766000 -6416618270921201800000.000000 152203152578802480000.000000 24281322052366388000000000000000000.000000 )
Point  97: ( 332,   98), Feat: (46010.009112 103111518396021.370000 206924504.485851 207943617776922.500000 160151285447018.690000 -5554753147434052900000.000000 903409147015934900000.000000 434046294760308260000000000000000000.000000 )
Point  98: (  93,   99), Feat: (4388.167837 94195213376481.719000 1315611439.305786 -143114357371709.910000 3085842817521.860400 -12861408814211303000.000000 1312533914556026400.000000 12150750077705299000000000000000.000000 )
Point  99: ( 275,  101), Feat: (-40733.345696 993087661162.401120 -181175394.164459 17703045010256.344000 79266698974503.484000 2790109052361107300000.000000 294646710662339720000.000000 70067061133910384000000000000000000.000000 )
Point 100: (  83,  102), Feat: (-21740.673808 251815260766202.410000 1730041143.838251 -84131413878510.109000 2594623932771.461400 219253472963253310000.000000 949745383364124540.000000 7393861785569574600000000000000.000000 )
Point 101: (  20,  103), Feat: (-6604.607148 37472985409725.578000 -499506395.101316 -17922837910523.379000 17717624544.102592 -417674358808562750.000000 249466481687543.220000 12857559187876235000000000.000000 )
Point 102: ( 212,  103), Feat: (-14849.016317 4664425328724.157200 330799233.542606 -37654071119787.148000 38378789417435.977000 480714095786434300000.000000 85060056825125847000.000000 9793512273472558900000000000000000.000000 )
Point 103: ( 283,  103), Feat: (-14519.158947 85182795100045.766000 -882047140.470167 19398233968060.895000 93303502630395.422000 5068123122645824700000.000000 375910775080264600000.000000 105221464055888440000000000000000000.000000 )
Point 104: ( 120,  107), Feat: (-713.599435 15744626507914.098000 -210864803.565250 -1634170188971.457300 7393619750125.649400 -220073614654748620000.000000 5290060649047825400.000000 117336385084559710000000000000000.000000 )
Point 105: ( 204,  107), Feat: (-16394.468379 165525276564108.720000 -234228500.908077 -202808452334578.660000 39440613628346.742000 5122254993113623800000.000000 87364012252253323000.000000 10337139175810264000000000000000000.000000 )
Point 106: ( 315,  107), Feat: (-9358.644188 182458200275841.090000 -1147344273.425603 17537188656382.498000 146028540534548.620000 -4895218686658155100000.000000 757088402823604340000.000000 331669440545492960000000000000000000.000000 )
Point 107: (  46,  108), Feat: (-93630.832690 12150293841509.387000 -513110969.061440 180591737693014.690000 552351728128.297000 42954657866286670000.000000 68627064426212816.000000 113861934875860510000000000000.000000 )
Point 108: ( 286,  113), Feat: (-60.842859 191361927902531.690000 -1112746177.399141 33333119063956.184000 132494376905542.250000 -1063752105526606600000.000000 607923637785543050000.000000 241639367811703750000000000000000000.000000 )
Point 109: (  82,  114), Feat: (34842.938919 166169673714048.560000 377040111.544064 186433478406983.280000 3852911032234.716300 254429251358612850000.000000 1626868148670601000.000000 18806275861540644000000000000000.000000 )
Point 110: ( 101,  114), Feat: (66953.407521 176719021335829.530000 -327640421.043586 -474389937419389.690000 7198482838126.270500 289913137026012250000.000000 4482211771455744000.000000 96797887877370184000000000000000.000000 )
Point 111: ( 307,  114), Feat: (2601.644678 191320358265819.310000 -896797752.532708 -10624363175362.189000 163621589461596.340000 -12636192338449927000000.000000 856885098176044600000.000000 420614409352136140000000000000000000.000000 )
Point 112: ( 320,  114), Feat: (-12509.542179 -5998385823779.593700 -227323649.291625 -18670310409343.543000 221476777533978.940000 719108214465229090000.000000 1335335592177909400000.000000 887237517156215560000000000000000000.000000 )
Point 113: (  88,  115), Feat: (-7874.019420 45353703567600.547000 48747372.200976 3846699452655.901400 3895872262457.598100 -384295224912287430000.000000 1670205325687707900.000000 19518100386704561000000000000000.000000 )
Point 114: (  92,  117), Feat: (-57659.129942 7709975245220.646500 -946309558.575822 300608286259792.190000 4989066676979.957000 712476307455771670000.000000 2490883080829517800.000000 37286884527598281000000000000000.000000 )
Point 115: ( 233,  119), Feat: (921.422928 119518159463863.720000 -837134281.607205 31032494678985.152000 85293690692797.391000 1806039123071742500000.000000 275482544066354640000.000000 70490804510798436000000000000000000.000000 )
Point 116: ( 226,  121), Feat: (5721.061954 159610812569644.660000 571935352.550261 29433569059299.020000 86260433024094.516000 5600781316095462100000.000000 272025037933493850000.000000 70395107679341758000000000000000000.000000 )
Point 117: ( 249,  121), Feat: (12361.063261 100621363390405.730000 -902004635.555380 -45330982479828.727000 96603430968961.953000 -6698172328184733800000.000000 345584879793834890000.000000 100153920542123180000000000000000000.000000 )
Point 118: ( 265,  121), Feat: (-52800.331835 9259308082194.439500 -1033775152.198525 369684443933623.810000 130445438610874.640000 -10300611962657546000000.000000 550822823528115270000.000000 215556735788894890000000000000000000.000000 )
Point 119: ( 117,  122), Feat: (22499.748136 53547908944017.484000 1261582949.072843 -255857888773633.470000 11245842150744.850000 -352511474100976220000.000000 9169135957608671200.000000 309340320329461190000000000000000.000000 )
Point 120: ( 180,  123), Feat: (-7321.273767 139200634834021.810000 1140434458.495204 -17656090363811.289000 42438828723605.461000 2509455109724431200000.000000 84310261509194777000.000000 10734126455397616000000000000000000.000000 )
Point 121: (  60,  125), Feat: (7591.813847 105973304122686.060000 -1005941684.452282 84886616608257.375000 1599676095859.541700 28381727741119685000.000000 347107881858929020.000000 1665937464022893700000000000000.000000 )
Point 122: ( 285,  125), Feat: (5511.995199 167946154440272.470000 1283400792.364497 25978239659663.801000 164258840354222.780000 -23117961973242727000000.000000 798487379362642130000.000000 393475247695443080000000000000000000.000000 )
Point 123: ( 310,  126), Feat: (31546.131006 16911655396130.137000 40792083.721576 -50357048310664.602000 243097572602811.660000 81952036000202947000000.000000 1498688870111623000000.000000 1092985303053509200000000000000000000.000000 )
Point 124: (  80,  129), Feat: (-3207.419661 89239227744171.156000 -602255290.060051 2719245702229.016600 4038700523772.004400 -289867165491376950000.000000 1578847982072287200.000000 19127236378245454000000000000000.000000 )
Point 125: ( 123,  130), Feat: (19884.323891 56923860549974.211000 -265501425.198609 -45760617258780.547000 14432520966809.725000 -4916462564363052500000.000000 13127147184509346000.000000 568314967192741290000000000000000.000000 )
Point 126: (  28,  131), Feat: (51257.784363 89341463969281.484000 25588515.335068 -245026632106564.030000 146344690022.284090 -30374045949962293000.000000 6188406179496763.000000 2636492094698944100000000000.000000 )
Point 127: ( 163,  131), Feat: (-3719.328402 148956609958229.910000 -920324524.552727 8316051515333.215800 39378343531792.312000 7140523358332821400000.000000 69210372165219189000.000000 8176289419419569700000000000000000.000000 )
Point 128: ( 171,  132), Feat: (-74025.965172 129576512523144.190000 1088102490.921437 -51310660913840.109000 50998133950488.937000 12467404186505034000000.000000 102759430168090660000.000000 15721854247253288000000000000000000.000000 )
Point 129: (  47,  133), Feat: (-9458.428803 32262090299271.887000 -112607880.462122 -41918474054289.414000 1118565937483.363000 162655221996873910000.000000 178732081121406460.000000 600624049112214130000000000000.000000 )
Point 130: ( 143,  133), Feat: (27583.129264 4338259144371.116200 -353661768.955613 76578421726196.109000 25530734264625.555000 -497076504692031230000.000000 33385774544680247000.000000 2557082737826835200000000000000000.000000 )
Point 131: (  73,  134), Feat: (-9968.417242 57316188205484.047000 708489409.970405 -8894932547495.449200 4137041304888.560500 692407597185240400000.000000 1567789355217101800.000000 19463695977011256000000000000000.000000 )
Point 132: ( 117,  136), Feat: (72.448842 149267850803310.660000 1151008660.880210 -79580284113944.344000 15810966331196.066000 -63871722004726563000.000000 14500073588189866000.000000 687779700163655710000000000000000.000000 )
Point 133: ( 187,  136), Feat: (33296.789347 35443500674639.648000 1340723598.259270 -456339883565385.120000 63327724620999.578000 -8834576166688758200000.000000 147875057687428830000.000000 28093593098821731000000000000000000.000000 )
Point 134: ( 248,  136), Feat: (46119.949277 52422227966458.117000 337355682.201925 -155265789165615.120000 171579839576428.720000 34781391399931378000000.000000 749376317085645280000.000000 385734630086745380000000000000000000.000000 )
Point 135: ( 328,  138), Feat: (-5423.549277 13072324241047.402000 373310431.942802 -17912565974728.488000 355833047532083.370000 -35981074582560477000000.000000 2580663503023166700000.000000 2754854752798376700000000000000000000.000000 )
Point 136: ( 179,  139), Feat: (-5945.879649 210635209953831.620000 -1062932727.826699 10553365047279.039000 59833759539785.156000 309791178809127670000.000000 131750403561603480000.000000 23649372216948040000000000000000000.000000 )
Point 137: (  46,  140), Feat: (-3918.689915 321033829679.838440 -35020468.127959 240938427925.091000 1253656541608.511500 30468885012822180000.000000 204875209938959970.000000 770704720934813580000000000000.000000 )
Point 138: ( 166,  140), Feat: (6293.902555 32940871524546.656000 418765740.530632 -20123110414455.820000 52020030452150.680000 6877357487631994200000.000000 102868128518428570000.000000 16053745225379488000000000000000000.000000 )
Point 139: (  31,  141), Feat: (32728.181434 168180911164020.160000 -239220657.543459 -156099285551587.690000 265156407659.177490 -91300269672369193000.000000 15469026714711454.000000 11988457661532890000000000000.000000 )
Point 140: (  64,  142), Feat: (3147.801271 116403973739201.590000 2002325169.661478 -318256058103432.440000 3084175789280.509300 685424572509068330000.000000 915468821169881600.000000 8475739632524319200000000000000.000000 )
Point 141: ( 274,  142), Feat: (-23923.253497 44383298081192.297000 338230217.390900 67639647745287.992000 211237317064822.220000 -33456495972015879000000.000000 1063386277876241900000.000000 673879540728675990000000000000000000.000000 )
Point 142: (  88,  143), Feat: (-82951.563521 -15714650441.646240 31771013.946850 16874443781939.912000 8808953739357.841800 3961307650160371700000.000000 5196037800397056000.000000 137359328991470800000000000000000.000000 )
Point 143: ( 240,  143), Feat: (47893.775931 212280124621155.440000 -495784278.271660 -317343274532825.940000 178150263494752.410000 39397976038475940000000.000000 760587838805757390000.000000 406498005115504060000000000000000000.000000 )
Point 144: ( 261,  143), Feat: (-7996.573697 176783010008344.720000 -1597875143.975370 63298211915467.547000 208426810037475.560000 -5137514471589665600000.000000 1016143312825743200000.000000 635374362980282580000000000000000000.000000 )
Point 145: (  54,  144), Feat: (2061.746308 5600241861609.277300 -145099102.877508 24054091632619.770000 1894079321885.649700 49028825458623128000.000000 399003746186718980.000000 2267564836584207300000000000000.000000 )
Point 146: ( 195,  146), Feat: (-65468.463324 186084677290034.060000 -843950416.069381 336440734312485.000000 82610355950601.547000 -10174980853305285000000.000000 219909142413609660000.000000 54500080907415789000000000000000000.000000 )
Point 147: (  71,  148), Feat: (-36890.905616 -33198064768.677723 -20427419.703784 -684186400972.624510 4212455064228.797900 313693012965788880000.000000 1520704584127332100.000000 19220444236791867000000000000000.000000 )
Point 148: (  26,  150), Feat: (-353.373205 6277207748655.364300 395240861.182488 -81817258583358.578000 230624893067.887760 -9950205028697192400.000000 11515991610436892.000000 7933055884657548000000000000.000000 )
Point 149: ( 156,  150), Feat: (-254.422126 150696774618637.190000 -1107816575.529526 -13633116120719.582000 46964781029093.234000 -2127037419874756600000.000000 82715002565408866000.000000 11654033439208488000000000000000000.000000 )
Point 150: ( 299,  150), Feat: (2929.067696 260127975964460.750000 700247211.005334 -23741712219154.309000 353440984752170.810000 -1111070552407225700000.000000 2344646514013768000000.000000 2486082474040856200000000000000000000.000000 )
Point 151: (  73,  151), Feat: (41.756289 256385150764.873500 -49777009.638907 2694589999319.124500 5253142467971.753900 25299414057927258000.000000 2121547174448250100.000000 33434615494330229000000000000000.000000 )
Point 152: ( 171,  151), Feat: (-35917.299353 4172557639285.768600 20992714.215250 72055432923761.344000 64075324344651.203000 -10337700938459550000000.000000 136543447334636570000.000000 26246963896374921000000000000000000.000000 )
Point 153: (  55,  152), Feat: (-8804.765290 100955711482297.060000 691829279.978993 -2398070367816.996100 2069413925849.960700 -416408700958280520000.000000 447998278511416260.000000 2778294118691895600000000000000.000000 )
Point 154: ( 215,  152), Feat: (-27164.584502 4533882307544.748000 -502891626.162871 90893810306087.516000 143080741615235.160000 -11364465359260872000000.000000 508161895750159830000.000000 218124199339276270000000000000000000.000000 )
Point 155: (  18,  155), Feat: (11878.481233 274368559365762.310000 -256304449.287043 -96328433007097.281000 105800175308.024380 24132129616238547000.000000 2746362668869647.500000 941760155498402250000000000.000000 )
Point 156: (  42,  155), Feat: (-20388.771703 3987991939345.418900 392128296.445386 -19972565979716.242000 1203317338872.728500 145101052450946990000.000000 176995919105208580.000000 639836242616730230000000000000.000000 )
Point 157: ( 243,  156), Feat: (9996.787738 273357285777022.660000 -345744848.067041 -96519903094102.703000 220815337368664.310000 98444710191392832000000.000000 1028472837480389400000.000000 681311230211014830000000000000000000.000000 )
Point 158: ( 293,  156), Feat: (-7475.571461 174109400412308.590000 1291154668.966611 -28803379058502.719000 383615391782329.120000 -31827530286865783000000.000000 2568738824124569200000.000000 2956221883690670400000000000000000000.000000 )
Point 159: ( 109,  157), Feat: (9069.393305 4161535080868.864700 207081340.407723 -28052456097490.590000 22016901615115.020000 1051108543276499900000.000000 21623870790414135000.000000 1428289579254329300000000000000000.000000 )
Point 160: (  28,  158), Feat: (35213.584369 58349632678206.977000 -222251516.441091 -104281735190706.730000 230578096924.571200 -25857482491689480000.000000 11531349974535340.000000 7886537457059160500000000000.000000 )
Point 161: ( 188,  158), Feat: (-1668.598255 8202195369593.551800 -67673916.610746 5275712754052.321300 105167606542085.000000 -13009833862354992000000.000000 291662348830505930000.000000 92019923423165508000000000000000000.000000 )
Point 162: ( 116,  160), Feat: (-14061.711614 14502616197221.283000 -381537920.037267 8183758912085.798800 23186346573834.816000 -8169765225009526100000.000000 23464867148492853000.000000 1632053234260735300000000000000000.000000 )
Point 163: ( 335,  160), Feat: (-66183.285158 33650406315355.664000 -280950408.108505 -204247978567878.060000 633001664232401.750000 11937398579398709000000.000000 5717288100483010900000.000000 10857159275733357000000000000000000000.000000 )
Point 164: (  20,  161), Feat: (51554.857005 75330231375867.375000 364290214.998436 -216242813753121.690000 151888494524.017520 31789315557536326000.000000 5344947364997843.000000 2535687562563473900000000000.000000 )
Point 165: ( 158,  161), Feat: (-24827.402235 5012159651407.039100 -67568144.786683 5540442553445.168900 73107530258467.516000 17970987452391531000000.000000 154017268195422180000.000000 33779934012881711000000000000000000.000000 )
Point 166: ( 171,  161), Feat: (16269.079121 9336196007854.277300 113053688.053534 -17821831674090.586000 82624607308581.484000 -18637853973027096000000.000000 190194172938802820000.000000 47143654855510773000000000000000000.000000 )
Point 167: ( 204,  161), Feat: (15450.113463 97701301828564.000000 -891835692.235152 -59406453753739.469000 153407342080725.410000 -20203830969437769000000.000000 526227169500809460000.000000 242180656776291920000000000000000000.000000 )
Point 168: ( 290,  162), Feat: (5248.729590 160990593326782.750000 -141801806.024488 -12273488513444.645000 396326337927326.750000 -109342001590847020000000.000000 2642563929108968900000.000000 3141948180099394700000000000000000000.000000 )
Point 169: (  49,  163), Feat: (-10080.205183 129704215673665.410000 -346093954.659310 -21764329411303.086000 2304194841490.929700 649608502623030350000.000000 489539125102235970.000000 3389259250345682600000000000000.000000 )
Point 170: ( 328,  164), Feat: (-21101.623941 96082495521480.312000 -1393645256.677337 147864200846731.280000 624888866797388.500000 -110515643943616490000000.000000 5484366495871161900000.000000 10281352792749836000000000000000000000.000000 )
Point 171: (  94,  165), Feat: (-13051.830220 90484779909572.547000 -1012852678.572994 47937323853500.359000 14153605459283.898000 -2749997885853903400000.000000 9968572434817974300.000000 423232273880443730000000000000000.000000 )
Point 172: ( 283,  165), Feat: (-1706.392754 219645906412022.690000 4894293.722466 -997809435812.815430 401621612022375.870000 6187014092841194400000.000000 2641253473448506700000.000000 3182353716698058800000000000000000000.000000 )
Point 173: ( 177,  166), Feat: (14889.049524 15893366937319.264000 -10590094.855054 -15519216498498.525000 100855769396173.000000 -43598183526835220000000.000000 257164969717255010000.000000 77808419299854656000000000000000000.000000 )
Point 174: ( 143,  168), Feat: (-3603.826741 9849520177932.031200 223317582.555407 -1262125331468.587600 54435354873136.250000 -36769880822695529000000.000000 90971008428259754000.000000 14855219063268647000000000000000000.000000 )
Point 175: (  25,  169), Feat: (-2383.686916 2692257127616.582000 119101643.304120 -619705799828.600590 315840614816.320560 -44156319708217844000.000000 17387495298725714.000000 16283545865425432000000000000.000000 )
Point 176: ( 202,  169), Feat: (-7387.010649 104349213990801.530000 1589648368.478333 -194009061720061.250000 155664948895596.220000 -465013865970231800000.000000 528665132028188160000.000000 246883876297435480000000000000000000.000000 )
Point 177: ( 100,  170), Feat: (-1685.597112 4353544628127.842300 -101974126.262248 693636128982.135990 16974212726178.479000 -5504212033148033200000.000000 13371403185536788000.000000 680818167238419070000000000000000.000000 )
Point 178: ( 240,  170), Feat: (4474.412849 116098310509524.270000 440269166.328272 25534111876708.316000 257452098505113.280000 -128206224930504510000000.000000 1228301830377540900000.000000 948681462942998260000000000000000000.000000 )
Point 179: ( 301,  170), Feat: (-19466.693866 186616059099470.090000 1423232035.986089 -162410382863232.190000 533280290546291.500000 182251768868572880000000.000000 4119984890878618000000.000000 6591329654916830100000000000000000000.000000 )
Point 180: (  57,  171), Feat: (-6132.221104 6302004939198.733400 542794617.853516 -92926670711532.562000 3908080105848.397900 338929387024733900000.000000 1126588278821944100.000000 13211837295779315000000000000000.000000 )
Point 181: (  39,  172), Feat: (-2942.565010 28479314245560.441000 884172471.508539 -4928174604001.833000 1250177437026.259300 141066371460666030000.000000 165701145045921760.000000 622464386035104430000000000000.000000 )
Point 182: ( 137,  172), Feat: (-7009.019090 1289194164505.106400 -136205524.589957 11103471439786.803000 54123891529548.836000 7320754418721777300000.000000 89440266044106113000.000000 14522745601824173000000000000000000.000000 )
Point 183: ( 168,  172), Feat: (17970.780235 14827282247339.193000 486115984.850615 -248148907096014.590000 95706234576247.484000 2189624898699436000000.000000 230551854550080850000.000000 66195814869765238000000000000000000.000000 )
Point 184: (  73,  173), Feat: (-4499.943926 85570198305204.937000 498055659.384305 -3790165178567.845700 7829210695179.920900 -623115613063443380000.000000 3531098530950343200.000000 82929030111943863000000000000000.000000 )
Point 185: (  89,  173), Feat: (-33782.462886 3217168106452.577600 -255121761.659194 -4665599375635.707000 13719280832410.271000 835353548332840120000.000000 9158046143068281900.000000 376938297266589270000000000000000.000000 )
Point 186: ( 331,  173), Feat: (-38177.532795 85664911906642.391000 969563531.500485 31604145554230.211000 778922711312910.250000 592502499230199660000000.000000 7535351154436154100000.000000 17608404235728855000000000000000000000.000000 )
Point 187: (  49,  176), Feat: (11529.936641 20932931161428.125000 130630043.080498 -19312348163875.719000 2865939795047.565400 2173357940992587300000.000000 656655949158796800.000000 5666149247753796100000000000000.000000 )
Point 188: ( 237,  176), Feat: (1148.731963 5120895184278.642600 41948755.580498 1783299869855.592800 276266321277389.780000 -76859933276333792000000.000000 1339618339999619200000.000000 1110271007916664700000000000000000000.000000 )
Point 189: ( 216,  177), Feat: (41089.920350 102143452804886.050000 7617397.432630 186921046145599.160000 212754015706329.750000 82854753129252214000000.000000 868424860025177370000.000000 554285868225673390000000000000000000.000000 )
Point 190: ( 118,  179), Feat: (-35872.558205 24128483321642.441000 -787533108.728470 104011396884139.770000 35651038956499.445000 -9699315036225116600000.000000 42739348453686247000.000000 4570890192956148300000000000000000.000000 )
Point 191: ( 197,  179), Feat: (-19877.318569 116327545719535.940000 1207146682.672175 8629278824286.912100 160844294819719.310000 -82816861930839310000000.000000 534187649673182120000.000000 257760099313911660000000000000000000.000000 )
Point 192: (  23,  180), Feat: (740.582040 59645922419501.852000 287908707.224497 -3666573676693.768100 294705983201.208800 8401560373755201500.000000 14293149735815624.000000 12675041996069072000000000000.000000 )
Point 193: (  29,  180), Feat: (-11964.621400 9866512583389.056600 -610958132.953844 73781844492389.625000 533163147672.441350 -200879593769162410000.000000 39055758730701056.000000 61359534550659838000000000000.000000 )
Point 194: (  69,  180), Feat: (4457.372169 16681751991509.273000 87358857.852097 -2993226174201.323200 8024819225084.910200 2292197682435307300000.000000 3608188037181313500.000000 86895845929675760000000000000000.000000 )
Point 195: ( 171,  182), Feat: (-10802.404361 6614378831548.932600 -453987785.990408 -7142749216103.301800 120146239187423.620000 18765004247413427000000.000000 321332256395417750000.000000 115821218635524860000000000000000000.000000 )
Point 196: (  43,  183), Feat: (-24095.021834 3268089277854.710400 77547631.110877 -89696931274378.375000 1689252928116.514900 -308849630767335470000.000000 260469465690571940.000000 1317455475243981600000000000000.000000 )
Point 197: (  51,  183), Feat: (-3991.149027 58835274440.550774 220156464.895441 -2556579209431.886700 2841183814526.367200 170196457098767370000.000000 626731344840729470.000000 5343620626361359900000000000000.000000 )
Point 198: ( 109,  183), Feat: (-40316.898967 23018442264130.898000 1004238129.091912 -91114831400908.141000 30376501239956.844000 -9940567990739193000000.000000 32417753471793336000.000000 2954001565941265800000000000000000.000000 )
Point 199: ( 301,  183), Feat: (37825.684880 99597824411772.797000 477363979.321429 186509775053794.750000 598191050766763.120000 -475437727068532100000000.000000 4688869335144851800000.000000 8414491812036585300000000000000000000.000000 )
Point 200: ( 143,  186), Feat: (-9646.382991 83579519699863.578000 -860506333.854204 15659513649941.154000 76315634490303.078000 13120188992656733000000.000000 147339481918821060000.000000 33733307106132633000000000000000000.000000 )
Point 201: ( 288,  186), Feat: (50542.899116 117159977908688.330000 139666883.887393 249419801106382.620000 568946883582291.370000 68729220503408212000000.000000 4266771915344718600000.000000 7282703668370088800000000000000000000.000000 )
Point 202: ( 228,  187), Feat: (8555.553110 248089170414.909450 62656203.872597 -7267823707284.826200 302509612058678.190000 -28628686658600318000000.000000 1441538327434655200000.000000 1308236237564281600000000000000000000.000000 )
Point 203: (  62,  188), Feat: (-5307.236992 73710617491780.016000 674428007.969776 -8760579714810.843700 6188075323606.077100 1533792939022474300000.000000 2211576344376444900.000000 41076114349378066000000000000000.000000 )
Point 204: (  21,  189), Feat: (31949.326078 133921543617222.620000 -277064885.040902 -136367065453712.770000 285316397583.312500 15381580503042830000.000000 12531018003210466.000000 10800526791313829000000000000.000000 )
Point 205: (  72,  189), Feat: (-10535.847832 18286263496960.555000 -452060341.922070 10664578930284.605000 10733192166554.111000 852909561696956710000.000000 5489766539072319500.000000 176781580616628140000000000000000.000000 )
Point 206: ( 125,  191), Feat: (36368.052782 278445384833239.250000 583632191.639453 -284520967074143.370000 55491799752243.266000 -3285164123680794500000.000000 83219981262644593000.000000 13853988443412803000000000000000000.000000 )
Point 207: ( 177,  191), Feat: (-69934.512525 5641192758287.733400 457329838.718639 2521668782360.808600 156341780922204.090000 21291664645363528000000.000000 475388777572084810000.000000 222970205404752700000000000000000000.000000 )
Point 208: ( 190,  191), Feat: (-5608.884744 20292725035078.254000 -638970888.680810 106495119930758.370000 188319675625378.280000 -37052293250723499000000.000000 642672935155589050000.000000 363082342564169360000000000000000000.000000 )
Point 209: (  36,  192), Feat: (9501.413614 23028643512925.988000 -169027251.695493 -10476773647531.426000 1094589544606.983300 -252816045215437360000.000000 119318147853877760.000000 389903031291593020000000000000.000000 )
Point 210: (  82,  192), Feat: (-18749.041653 15128856559455.777000 365808077.084932 -11866999027651.189000 13968780291087.332000 -7369225572765078100000.000000 8456274928671771600.000000 354243977018251550000000000000000.000000 )
Point 211: ( 154,  192), Feat: (1576.265582 84550829281767.672000 64089369.142498 -1336325356179.992700 104117587406111.200000 26642526603877747000000.000000 238194983338001660000.000000 74401770380159311000000000000000000.000000 )
Point 212: (  16,  195), Feat: (750.298822 257601816733887.840000 1111808882.653225 62734782560388.586000 156932263302.875120 43234825560478654000.000000 4233559873077442.000000 2171303858882370400000000000.000000 )
Point 213: ( 163,  195), Feat: (-20868.388365 78285332581619.437000 1446051448.040315 -143640745921756.220000 124981705097123.590000 -40667046731293785000000.000000 317384088175388260000.000000 119000112415157440000000000000000000.000000 )
Point 214: ( 225,  195), Feat: (-19569.231552 22184885882221.566000 -729523789.822248 47288032571647.586000 325849524480672.310000 -16401881936385014000000.000000 1567472256690138600000.000000 1532279435167042100000000000000000000.000000 )
Point 215: (  70,  196), Feat: (7457.862352 29678467588714.797000 326278160.490699 -26099122705431.539000 10844898354984.209000 3233828928419731600000.000000 5436473378442312700.000000 176926463485941490000000000000000.000000 )
Point 216: ( 186,  197), Feat: (-4421.800144 17106271757097.959000 286415828.691886 -2650168273084.260700 189024948233788.370000 68976653440973963000000.000000 637208369090995680000.000000 361347737749045860000000000000000000.000000 )
Point 217: ( 138,  198), Feat: (-10475.361161 40488762119175.328000 -272103906.401083 442066832891538.250000 76495455892487.281000 -44030650080485108000000.000000 138331176335075560000.000000 31743722245485713000000000000000000.000000 )
Point 218: ( 177,  198), Feat: (-7148.546745 72781861306180.734000 -150771749.840307 60482516941018.031000 167445718106012.530000 15163427809120309000000.000000 519307606261956150000.000000 260868119197435410000000000000000000.000000 )
Point 219: ( 219,  198), Feat: (80.037763 60592460851751.047000 340851148.993298 109427640106.294080 333918798036278.750000 77703334795483816000000.000000 1600967918204171600000.000000 1603783907643294400000000000000000000.000000 )
Point 220: (  71,  199), Feat: (-10382.560891 162145802833548.370000 455333725.807855 -93478894465298.656000 10948693426309.367000 1971078249456587500000.000000 5460627266293151700.000000 179392650397508520000000000000000.000000 )
Point 221: (  80,  199), Feat: (-6678.298587 34379496150175.523000 -505090358.779105 9461897351631.896500 15542477343485.850000 -389976041583572220000.000000 9756941607074824200.000000 454933890138499510000000000000000.000000 )
Point 222: (  39,  200), Feat: (-9662.367795 152014602643517.720000 431216886.231918 5601671219650.895500 1615184688156.539800 -172664761824124730000.000000 223788120708850980.000000 1082866404251323100000000000000.000000 )
Point 223: (  61,  200), Feat: (-9316.531805 105943547494380.520000 -172512493.683992 -42789422997792.102000 6942908104230.726600 -1060583337101019400000.000000 2483945338017747500.000000 51721974373827298000000000000000.000000 )
Point 224: ( 129,  200), Feat: (7988.313498 26228424176935.730000 463728124.337389 -42173277358480.805000 68054163064718.734000 -24114662280949320000000.000000 112056891007847020000.000000 22877066280089303000000000000000000.000000 )
Point 225: ( 312,  201), Feat: (-6689.224630 14994077366616.016000 -31698917.737691 -1192424896646.596400 915861667432218.000000 -907514629434176040000000.000000 8654161243743877900000.000000 23777977670518717000000000000000000000.000000 )
Point 226: ( 215,  202), Feat: (1399.628178 20775502142110.535000 151345301.313812 1011286662787.062100 347086551493853.060000 139123399242947640000000.000000 1676783130876740100000.000000 1745974120004620300000000000000000000.000000 )
Point 227: ( 104,  203), Feat: (-6675.354278 32020370729062.266000 322789768.456656 -925292092491.927490 37464823367443.562000 11979119256618242000000.000000 41779820555025826000.000000 4696122616671084800000000000000000.000000 )
Point 228: ( 202,  203), Feat: (-18845.625941 7628902394042.577100 235100554.967847 -6282298154576.307600 255415305824295.370000 -364338562113278000000000.000000 1019093300888083600000.000000 780858588840997170000000000000000000.000000 )
Point 229: ( 245,  204), Feat: (751.633140 37356617887949.414000 151075206.832420 488673689230.906370 488978483946600.000000 -771320442454072140000000.000000 2944605236797090300000.000000 4319498840194666600000000000000000000.000000 )
Point 230: ( 186,  205), Feat: (-8745.001583 71995580259.403091 -6355390.853797 23275487884.148304 210561669290507.750000 -12363673915546336000000.000000 734093998468862570000.000000 463715613271776190000000000000000000.000000 )
Point 231: ( 299,  206), Feat: (-5888.417478 -209591143808.239650 57380928.942718 3834733416237.714800 923862690758858.120000 -311414781390039710000000.000000 8478007477653213300000.000000 23497520888036357000000000000000000000.000000 )
Point 232: ( 257,  207), Feat: (-9748.900940 64193977751642.984000 790939439.945663 -15415819806251.359000 585552955376084.120000 -540641798959998110000000.000000 3928412133837872000000.000000 6900844614139587700000000000000000000.000000 )
Point 233: ( 165,  208), Feat: (-56658.818242 9824988692192.693400 497965394.226549 -162133275310202.720000 168991701480719.780000 195632942496382810000000.000000 489318490073490590000.000000 248080855739275460000000000000000000.000000 )
Point 234: ( 108,  209), Feat: (-21296.938216 173391573040010.620000 -1899190159.154944 78097919669898.469000 47432074845746.680000 22302686567456018000000.000000 59006810940746588000.000000 8397084152537118700000000000000000.000000 )
Point 235: ( 158,  209), Feat: (-32811.958892 105904841759973.470000 -2120867556.386919 311646924712529.190000 141677241240782.750000 -106762906359513500000000.000000 364910097296917270000.000000 155093963100292620000000000000000000.000000 )
Point 236: (  67,  210), Feat: (-37544.761971 81220011550205.172000 -1076647689.746467 109503425648490.780000 9963509726593.097700 -4224963537958250500000.000000 4357242168768345100.000000 130168054132864600000000000000000.000000 )
Point 237: ( 121,  210), Feat: (-13212.075729 33754979950047.281000 740539329.805473 -30567029154966.293000 67657156996231.242000 9313828866920508600000.000000 106523621501967710000.000000 21621556322140087000000000000000000.000000 )
Point 238: (  54,  215), Feat: (2133.883982 56423479365897.758000 -853412177.585285 50364505513035.242000 5723079855341.219700 -7826069884107506100000.000000 1700166409387974400.000000 29077193987448077000000000000000.000000 )
Point 239: ( 128,  216), Feat: (-33611.074224 4934091058137.753900 518102250.467355 -38550549164724.797000 84938274190486.312000 22556239388047867000000.000000 152176471620781440000.000000 38777622629494080000000000000000000.000000 )
Point 240: ( 210,  217), Feat: (17644.671273 41697643694140.492000 -31802674.060978 43620816410784.000000 404200222814513.190000 617965310672167420000000.000000 2009411153384990300000.000000 2436650990780318300000000000000000000.000000 )
Point 241: (  94,  218), Feat: (8477.084670 59340791862648.750000 -1675962007.815978 386713987829067.940000 33212000893164.547000 -22177281518294641000000.000000 31675435420578435000.000000 3155434500025100100000000000000000.000000 )
Point 242: ( 119,  218), Feat: (-3065.967464 47551796063145.617000 -391150668.870902 2549384188376.005400 65977255349125.367000 -4076330496066110600000.000000 99050652665413468000.000000 19605136257155339000000000000000000.000000 )
Point 243: ( 111,  219), Feat: (13252.688952 -566057168523.941890 -142159315.426071 -12078089329947.514000 57506227163947.375000 -16018900629654954000000.000000 77693781477256659000.000000 13403117355218617000000000000000000.000000 )
Point 244: ( 155,  219), Feat: (-18834.265414 -2044138425166.570300 -103001551.192658 -1279663130764.247800 164237040290649.160000 99845420371696157000000.000000 442121713331175820000.000000 217842853546647870000000000000000000.000000 )
Point 245: (  63,  220), Feat: (-10183.683453 2079504633188.257800 188931781.452851 -19440779943296.336000 10260416418892.229000 1639506388681509800000.000000 4427612332355772400.000000 136316672293886170000000000000000.000000 )
Point 246: ( 178,  222), Feat: (13122.816127 148526290400519.750000 652332171.754416 58576978914247.453000 231461996572228.250000 -335826251111435230000000.000000 784962023900232550000.000000 545049441108302370000000000000000000.000000 )
Point 247: ( 273,  222), Feat: (37148.291976 34606110787261.434000 -97600465.282893 99447559127284.922000 921597691364219.250000 -111748558774815080000000.000000 7631030971860436100000.000000 21098212252734813000000000000000000000.000000 )
Point 248: ( 219,  223), Feat: (-31821.096524 147004100432.558290 -115680172.548545 61573372794885.977000 452847423106253.870000 -30297955148066443000000.000000 2383679562047331200000.000000 3238327486625473900000000000000000000.000000 )
Point 249: ( 258,  225), Feat: (18950.442282 207834350670746.250000 860915599.062495 91498967680970.375000 809540452945280.250000 288751480102787420000000.000000 6133412841297317700000.000000 14895760569492366000000000000000000000.000000 )
Point 250: ( 315,  225), Feat: (58487.635326 132999591882900.580000 -71182877.421880 327412404275414.500000 1469720749082340.200000 -327990052933304250000000.000000 16505662906936158000000.000000 72776113567277720000000000000000000000.000000 )
Point 251: ( 199,  226), Feat: (-13133.596289 11817499508175.516000 -53765439.922511 4308077962488.270500 348141612821572.440000 -167735244483255160000000.000000 1510824886604270700000.000000 1577932946015783900000000000000000000.000000 )
Point 252: (  68,  228), Feat: (-17829.445004 -5150915804306.168900 97971029.560511 -10033400700212.336000 12757520518192.244000 -17252980491132569000000.000000 6184851688088023000.000000 236369281360107690000000000000000.000000 )
Point 253: (  85,  229), Feat: (-65227.669965 2471229983030.791000 325042959.993267 -38155115704592.812000 26742131549858.832000 -34390711481264262000000.000000 21072825786320683000.000000 1689721207750589100000000000000000.000000 )
Point 254: ( 187,  229), Feat: (-28418.288761 6092788673916.471700 -285744473.117595 86508288606367.922000 323398586971942.370000 141927855877432520000000.000000 1316202699695315500000.000000 1276982738003408800000000000000000000.000000 )
Point 255: ( 237,  231), Feat: (-18696.811037 58349400224307.562000 -610167967.965248 128342736971719.450000 650861443486614.000000 483171353360889370000000.000000 4241342647472868000000.000000 8281615387610253600000000000000000000.000000 )
Point 256: ( 221,  234), Feat: (-76089.814239 36851958676475.555000 1546693223.022873 -226051041028787.590000 526008023307288.690000 -519821756626159390000000.000000 2937208894054940500000.000000 4634949607847570200000000000000000000.000000 )
Point 257: ( 322,  235), Feat: (59510.625747 187645142189112.060000 -724208410.137506 466528372232358.500000 1685808912781913.000000 -3529878482011167900000000.000000 20157785684537416000000.000000 101946151060177530000000000000000000000.000000 )
Point 258: ( 329,  236), Feat: (70592.569814 264093215409681.000000 761530504.005464 640808195407245.870000 1757090131010297.200000 -4382174069011540500000000.000000 21542343157517266000000.000000 113555044654277780000000000000000000000.000000 )
Point 259: ( 304,  238), Feat: (38556.480519 245482739222322.660000 943124730.449626 270592611691301.410000 1541714578836621.500000 3435008478138422700000000.000000 17232116734349149000000.000000 79701372131349665000000000000000000000.000000 )
Point 260: (  93,  240), Feat: (1596.559075 167626367783614.660000 -833772254.672028 -26337327814454.395000 47110799993192.477000 35034560693832448000000.000000 50811566422053855000.000000 7182468227977106300000000000000000.000000 )
Point 261: ( 134,  245), Feat: (64019.711480 187786377272929.060000 -1367286452.154618 617285605212622.370000 132772252665488.870000 -199279563057602540000000.000000 280675267631392780000.000000 111788274960698840000000000000000000.000000 )
Point 262: ( 169,  250), Feat: (-2951.278717 31355789941885.879000 -221439588.327471 982193436402.155760 308542066952067.870000 32038505834701423000000.000000 1125598024971848600000.000000 1041885055826018600000000000000000000.000000 )
Point 263: ( 159,  253), Feat: (26483.837194 275116609522363.910000 -253097417.344468 -153162265808713.660000 243895176840826.940000 -521009744702803230000000.000000 751391371066775440000.000000 549751258007871070000000000000000000.000000 )
Point 264: ( 314,  254), Feat: (170.637850 17449193900687.992000 -383698727.700743 46527300344678.234000 2034128223192949.200000 -1001693154794018000000000.000000 25557677102741571000000.000000 155962655314422990000000000000000000000.000000 )
Point 265: ( 174,  257), Feat: (-17358.401214 100054404916875.640000 1872566694.885963 -199014031609264.310000 351179785958612.500000 -587329118938319760000000.000000 1352527249190969900000.000000 1424900523126760800000000000000000000.000000 )
Point 266: ( 206,  257), Feat: (-5298.224709 64847479536556.961000 740272203.104983 6277384151691.994100 599296853494325.120000 -344875040955647120000000.000000 3250232429779365100000.000000 5843533622888153600000000000000000000.000000 )
Point 267: ( 153,  258), Feat: (12971.928731 112605789585973.690000 1652093952.393554 -244635881327315.470000 240871676676513.440000 -122281261561815560000000.000000 719398762349236190000.000000 519840961745093890000000000000000000.000000 )
Point 268: ( 237,  258), Feat: (10103.348287 43868858366021.062000 -495007681.535105 -20753006371200.883000 836290104442969.500000 -1533717097928393600000000.000000 5764535477071943600000.000000 14462332369247224000000000000000000000.000000 )
Point 269: ( 302,  258), Feat: (-12853.008295 194211746272736.190000 610154026.690982 100240111457976.910000 1866714407960801.500000 2163631296204446600000000.000000 21996223062804596000000.000000 123182256606397290000000000000000000000.000000 )
Point 270: ( 314,  262), Feat: (-20537.353787 170202841858971.910000 620741789.060912 48386790375024.586000 2141923060025937.500000 -958195811269327520000000.000000 27320806639309861000000.000000 175557076603790340000000000000000000000.000000 )
Point 271: ( 115,  263), Feat: (-28539.955847 62709835017810.969000 487715503.214972 -69159206814558.305000 106940135357889.840000 -192032939540076390000000.000000 181982320445081390000.000000 58374590161246723000000000000000000.000000 )
Point 272: ( 225,  263), Feat: (-2719.415894 66198635119278.250000 465662488.170640 -11184238097759.402000 806341051693280.750000 -282855480783214040000000.000000 5278732736421921000000.000000 12769350589189173000000000000000000000.000000 )
Point 273: (  13,  264), Feat: (541.279372 64032106392913.781000 164502549.339599 -31169841344177.055000 126885589266.225560 -49534164313558983000.000000 2977009455964061.000000 898229301060228310000000000.000000 )
Point 274: ( 174,  265), Feat: (-9027.689607 23182697363816.441000 461143606.626209 -8506777897040.881800 379189883855379.750000 -349970691519162280000000.000000 1492326179578468600000.000000 1697599682237205600000000000000000000.000000 )
Point 275: ( 308,  265), Feat: (91.997261 4502266376104.068400 -189771269.553833 31206642554809.148000 2116932054529732.200000 2017640104039355500000000.000000 26481710902854250000000.000000 168180204089603200000000000000000000000.000000 )